<?xml version="1.0" encoding="UTF-8" standalone="no"?>
<!-- Created with Inkscape (http://www.inkscape.org/) -->

<svg
   id="svg3374"
   version="1.1"
   inkscape:version="1.4 (e7c3feb1, 2024-10-09)"
   width="850.81085"
   height="605.12915"
   sodipodi:docname="Catbot_New"
   xmlns:inkscape="http://www.inkscape.org/namespaces/inkscape"
   xmlns:sodipodi="http://sodipodi.sourceforge.net/DTD/sodipodi-0.dtd"
   xmlns="http://www.w3.org/2000/svg"
   xmlns:svg="http://www.w3.org/2000/svg"
   xmlns:rdf="http://www.w3.org/1999/02/22-rdf-syntax-ns#"
   xmlns:cc="http://creativecommons.org/ns#"
   xmlns:dc="http://purl.org/dc/elements/1.1/">
  <metadata
     id="metadata3380">
    <rdf:RDF>
      <cc:Work
         rdf:about="">
        <dc:format>image/svg+xml</dc:format>
        <dc:type
           rdf:resource="http://purl.org/dc/dcmitype/StillImage" />
      </cc:Work>
    </rdf:RDF>
  </metadata>
  <defs
     id="defs3378" />
  <sodipodi:namedview
     pagecolor="#ffffff"
     bordercolor="#666666"
     borderopacity="1"
     objecttolerance="10"
     gridtolerance="10"
     guidetolerance="10"
     inkscape:pageopacity="0"
     inkscape:pageshadow="2"
     inkscape:window-width="1440"
     inkscape:window-height="799"
     id="namedview3376"
     showgrid="false"
     showguides="true"
     inkscape:guide-bbox="true"
     inkscape:snap-bbox="true"
     inkscape:snap-bbox-midpoints="true"
     inkscape:snap-nodes="false"
     inkscape:zoom="0.79063514"
     inkscape:cx="345.92442"
     inkscape:cy="298.4942"
     inkscape:window-x="0"
     inkscape:window-y="25"
     inkscape:window-maximized="1"
     inkscape:current-layer="svg3374"
     units="cm"
     inkscape:document-units="cm"
     fit-margin-top="0"
     fit-margin-left="0"
     fit-margin-right="0"
     fit-margin-bottom="0"
     inkscape:showpageshadow="2"
     inkscape:pagecheckerboard="0"
     inkscape:deskcolor="#d1d1d1" />
  <g
     id="g3204"
     transform="matrix(0.55118922,0,0,0.61265325,0.0145858,37.128223)">
    <path
       sodipodi:nodetypes="ccccccccccccscscccccccccscssc"
       inkscape:connector-curvature="0"
       id="path3382"
       d="M 134.05141,431.11302 C 61.635238,400.62769 34.271323,330.00549 26.310235,301.10309 c -2.690032,-3.44746 4.984192,0.69849 -13.571657,0.41262 -5.4991615,-1.22133 -12.67451505,-12.26773 -7.8059679,-19.44106 19.2637579,-7.45067 -5.84017595,0.99306 15.6147169,-5.856 7.139686,3.26186 6.31495,-3.96267 5.880262,-11.61814 -0.145429,-12.84693 -6.393534,-11.43573 -18.824597,-18.72106 -3.0668587,-6.37654 -9.2867403,-6.45974 -7.02324158,-18.90454 14.71177658,-8.97813 9.45550458,-2.17706 24.96758258,-0.0213 1.158294,-3.51573 2.512384,-6.9632 4,-10.4 C 10.151653,188.95038 7.0980843,16.872517 28.469253,4.7999835 161.73522,-11.780283 192.2203,45.212781 251.88067,87.819714 c 18.26136,-2.238933 37.14155,-3.4336 56.46667,-3.4336 19.32512,0 38.20531,1.194667 56.46667,3.4336 21.23419,-33.6512 122.19801,-103.564797 211.72192,-84.4810639 24.00443,5.1168 30.03554,185.5850599 10.64474,213.2149299 1.48679,3.43573 2.8089,6.88533 3.96667,10.4 9.18336,-0.90133 10.85455,-4.11627 17.31356,-2.8224 10.99077,1.77813 -0.77068,17.888 -3.83754,19.9008 -17.74268,10.69547 -13.81189,5.61387 -7.17299,26.9152 -0.10048,1.1072 4.16335,1.74613 1.12121,2.36373 13.60875,0.55147 16.62277,2.3936 16.62277,2.3936 4.68266,8.98027 -1.1759,15.43254 -5.7282,17.81014 -12.46487,1.2864 -11.61462,2.74986 -16.37033,12.63573 -30.22924,57.63526 -50.61919,83.61195 -97.88814,111.44491 -11.42678,6.72834 -4.06268,8.61003 -4.92164,11.10864 106.69766,91.70571 141.29121,487.11397 -17.92266,494.2937 -140.28455,6.3264 -228.799,-2.87421 -319.55339,1.72588 C -1.4564748,932.54285 17.47546,511.67895 135.71363,438.39036"
       style="fill:#000000;fill-opacity:1;stroke:#ff0000;stroke-width:0.188976;stroke-miterlimit:4;stroke-dasharray:none;stroke-opacity:1" />
    <path
       sodipodi:nodetypes="csssssc"
       inkscape:connector-curvature="0"
       id="path3152-5"
       d="m 372.96898,213.40158 c 13.28601,-21.06133 33.02492,-26.6528 39.75852,-2.69653 3.70382,13.1776 36.6776,16.02346 42.86837,-12.09387 2.89163,-13.1328 34.27796,31.0176 34.27796,31.0176 19.95397,0.7648 -15.24478,-43.80587 -45.61146,-49.29707 -16.81856,-3.04106 -26.66271,-5.40906 -37.00824,-1.16693 -29.7032,12.17813 -58.84943,26.34773 -34.28515,34.2368 z"
       style="fill:#ffffff;stroke:#000000;stroke-width:1.06667px;stroke-linecap:butt;stroke-linejoin:miter;stroke-opacity:1" />
    <path
       sodipodi:nodetypes="csssssc"
       inkscape:connector-curvature="0"
       id="path3152-5-6"
       d="m 242.0975,213.48051 c -20.05771,-22.51733 -32.98253,-21.34293 -40.49835,-2.4896 -5.12427,12.8544 -37.32124,16.21334 -43.6854,-11.8688 -2.9726,-13.1168 -34.84577,31.19254 -34.84577,31.19254 -20.32083,0.86933 14.45357,-41.67147 44.65704,-50.37654 19.80669,-5.70773 27.27767,-3.89013 36.95916,-0.54506 30.81083,10.6464 62.4146,26.0704 37.41332,34.08746 z"
       style="fill:#ffffff;stroke:#000000;stroke-width:1.07643px;stroke-linecap:butt;stroke-linejoin:miter;stroke-opacity:1" />
    <path
       sodipodi:nodetypes="cccccccccccccc"
       inkscape:connector-curvature="0"
       id="path3194"
       d="m 303.51493,292.45118 c -13.09687,-11.73547 -16.60504,-18.21653 -17.56831,-37.4848 21.69126,-6.91413 30.56579,-7.87733 51.84769,-3.38027 -2.8206,20.16107 -7.29025,26.83734 -22.11673,42.11414 -1.29626,20.37653 20.72267,17.45706 33.64051,11.50826 7.81318,-4.7776 12.27743,-15.87413 19.17637,-18.47893 6.5711,-1.38133 1.73199,9.40907 2.00744,15.31307 -7.14242,7.3952 -4.7876,7.01013 -12.79486,12.4544 -23.38158,13.3664 -37.73241,8.74666 -48.91959,-2.78614 -14.40953,20.2208 -39.26544,13.91147 -56.03768,-1.0112 -2.73252,-5.9648 -3.35834,-4.15146 -6.8358,-11.088 -1.3167,-3.67786 -0.32058,-9.536 6.9893,-7.3792 8.05135,8.0864 9.03829,9.81014 15.45502,15.34827 8.95723,-0.41067 24.93467,9.86987 35.15664,-15.1296 z"
       style="fill:#ffffff;stroke:#000000;stroke-width:1.06667px;stroke-linecap:butt;stroke-linejoin:miter;stroke-opacity:1" />
  </g>
  <path
     style="fill:#000000;stroke-width:1.06667"
     d="m 605.54801,575.67281 c -1.86176,2.74387 -7.41524,8.86142 -12.34106,13.59454 -9.4281,9.05916 -16.32264,12.7256 -24.58038,13.07124 -2.144,0.0898 -6.7369,0.85454 -10.20643,1.6994 -3.46955,0.84487 -9.87544,1.29534 -14.23533,1.0011 -9.10188,-0.61438 -16.43632,-3.15127 -50.55234,-17.48497 -25.70388,-10.79941 -31.26048,-13.46733 -31.1971,-14.97874 0.0261,-0.62279 -1.06256,-1.26369 -2.4193,-1.42423 -1.35674,-0.16054 -5.77196,-2.2796 -9.8117,-4.70895 -8.22751,-4.94783 -24.65993,-11.17094 -28.63203,-10.84321 -4.23263,0.3492 -7.09084,0.22448 -8.12733,-0.35468 -0.53494,-0.29894 -2.95452,0.23994 -5.37678,1.1975 -2.42224,0.95755 -5.02546,1.50452 -5.7851,1.21538 -0.75972,-0.28857 -5.16754,0.58058 -9.79552,1.93257 -4.6281,1.35199 -8.31583,2.19861 -8.1951,1.88135 0.12073,-0.31726 -1.65349,-0.0412 -3.94278,0.61355 -6.71784,1.92113 -15.6458,0.24706 -23.01606,-4.31576 -3.37556,-2.08974 -8.17354,-4.5219 -10.66227,-5.4048 -2.48873,-0.88281 -5.03078,-2.29373 -5.64902,-3.13518 -0.97169,-1.32242 -0.80064,-1.61867 1.26111,-2.18414 1.91167,-0.52437 2.32382,-1.13282 2.07568,-3.06514 -0.17028,-1.32601 0.27335,-3.22851 0.98593,-4.22779 1.33046,-1.86584 -0.33163,-3.79464 -4.85444,-5.63336 -1.08721,-0.44204 -3.79982,-2.76076 -6.02804,-5.15276 -2.22819,-2.39201 -5.21647,-4.79728 -6.64053,-5.34503 -3.24575,-1.24845 -8.13892,-5.30166 -7.72219,-6.39663 0.17164,-0.45232 2.06363,-0.7434 4.20352,-0.64726 3.26043,0.14652 4.22117,-0.38029 5.93116,-3.25231 2.40028,-4.03107 5.54896,-6.57554 10.37637,-8.38487 3.46116,-1.29724 3.47328,-1.31833 1.26365,-2.19503 -1.22705,-0.48687 -2.08099,-1.27941 -1.89763,-1.76118 0.18367,-0.48165 -0.74028,-1.88906 -2.05255,-3.12727 -1.31225,-1.23822 -2.5278,-3.9924 -2.70112,-6.12037 -0.18398,-2.25829 -1.40955,-4.90158 -2.94356,-6.34909 -3.05899,-2.88637 -2.24219,-4.71939 1.66679,-3.74059 2.12765,0.5324 3.43399,-0.11487 5.97324,-2.96104 3.70496,-4.15262 9.81154,-5.31757 18.2371,-3.47917 4.29518,0.93718 4.83544,0.80445 4.58745,-1.12676 -0.15462,-1.20399 0.47897,-4.18599 1.4079,-6.62669 0.92899,-2.4407 1.50795,-5.97765 1.28662,-7.85987 -0.40291,-3.42589 0.0839,-6.0904 1.04585,-5.72429 0.28143,0.10728 1.15565,1.04358 1.94244,2.08094 1.15184,1.51877 1.87913,1.68476 3.73442,0.85243 1.2672,-0.56851 3.61257,-0.8788 5.21178,-0.68962 3.48205,0.41199 17.27238,7.91869 22.28045,12.12827 1.96482,1.65153 4.96952,3.542 6.67706,4.20104 2.96788,1.14545 3.20774,0.99869 5.43782,-3.32801 1.28318,-2.48946 2.20588,-5.51674 2.05032,-6.72734 -0.15545,-1.21057 0.2436,-2.78884 0.88663,-3.50732 0.99524,-1.11195 1.33621,-1.01134 2.29129,0.67595 0.72847,1.28711 3.77585,2.99466 8.6902,4.86951 6.92986,2.64326 8.06151,3.45969 13.41288,9.67028 3.21462,3.73067 6.6782,8.46188 7.69685,10.51379 1.01875,2.05198 1.94726,3.48136 2.06331,3.1764 0.11602,-0.30498 0.79922,0.59897 1.51809,2.00873 0.71889,1.40977 1.44535,2.19988 1.61439,1.75577 0.16863,-0.44426 0.83139,0.17707 1.47192,1.38034 2.33733,4.39091 7.99738,7.72588 22.60709,13.32027 25.99958,9.95588 49.60124,16.61332 50.50248,14.24545 0.17607,-0.46263 3.45875,-1.32843 7.29484,-1.92401 3.83608,-0.59558 7.67613,-1.35449 8.53339,-1.68649 13.9373,-5.39767 26.24735,-8.89731 28.40625,-8.0756 0.43372,0.1648 2.23401,-0.40337 4.00068,-1.26317 1.76669,-0.85984 8.54758,-1.61732 15.06863,-1.68336 12.81461,-0.12972 19.78881,1.66777 26.8133,6.91088 4.98063,3.71756 5.84455,5.63298 5.98023,13.25832 0.10486,5.89353 -0.58309,8.47944 -6.81092,25.60394 -4.75464,13.07373 -7.98918,20.61312 -10.31251,24.03718 z M 434.15835,478.04418 c -0.25117,-3.92894 -4.1745,-7.57842 -7.8916,-7.34078 -6.82777,0.43656 -10.86166,7.6805 -7.13832,12.81866 2.12814,2.93677 3.76627,3.67292 7.62434,3.42626 4.71724,-0.30157 7.72436,-3.91739 7.40558,-8.90414 z m -34.2012,46.77902 c -0.24837,-2.17756 0.0592,-3.53948 0.8331,-3.68818 2.19414,-0.42177 3.79797,-6.6355 2.41334,-9.3507 -0.71885,-1.40977 -0.88956,-3.66006 -0.37932,-5.00066 0.55562,-1.46 0.0543,-4.38409 -1.25014,-7.29177 -2.00011,-4.45818 -2.56261,-4.95315 -6.89303,-6.06551 -5.66796,-1.45595 -10.85908,0.31138 -12.33949,4.20099 -0.78542,2.06348 -1.84909,2.71989 -4.53424,2.79784 -4.84094,0.14051 -7.7067,2.37579 -9.67453,7.54602 -2.99506,7.86918 0.35723,16.17604 6.97632,17.28694 2.86402,0.48068 3.14094,0.83712 2.53533,3.26373 -0.91526,3.66852 2.28959,8.5918 5.86893,9.01532 3.79735,0.44929 9.92609,-1.86325 13.33136,-5.03028 3.53095,-3.28404 3.59591,-3.44423 3.11234,-7.68374 z m -28.51736,17.47542 c -1.48187,-3.7993 -8.80724,-6.18762 -13.08799,-4.26714 -6.75341,3.0299 -6.58325,12.95399 0.26697,15.56123 4.57826,1.74254 10.7444,-0.87522 12.41778,-5.27179 0.74759,-1.96421 0.92909,-4.67422 0.40319,-6.0223 z m 17.77318,-71.96226 c -0.44835,-3.49184 -5.27919,-7.78985 -8.75688,-7.7911 -3.49024,-10e-4 -7.43922,2.60711 -8.61197,5.68838 -1.31891,3.46542 2.03927,10.13558 5.82919,11.57805 5.97984,2.27593 12.37452,-2.97478 11.53966,-9.47533 z m -33.97692,47.31271 c -1.59839,-5.11579 -6.71162,-6.7125 -12.7789,-3.99048 -5.54535,2.48786 -6.85566,5.15537 -4.79203,9.75528 1.73068,3.85754 5.14543,5.52374 10.15063,4.95287 6.29691,-0.71828 9.22377,-4.94573 7.4203,-10.71767 z m 7.59985,-26.91176 c -3.20583,-7.14584 -11.33451,-8.93061 -16.36985,-3.59424 -3.15906,3.34808 -2.21754,7.98893 2.29486,11.31094 4.83315,3.55813 6.48229,3.92201 10.20538,2.25174 4.27642,-1.91861 5.76306,-5.74814 3.86942,-9.96852 z"
     id="path3087"
     inkscape:connector-curvature="0" />
  <path
     style="fill:#000000;stroke-width:1.06667"
     d="m 843.97575,192.3512 c 4.49936,7.97091 6.18674,14.61913 6.31029,24.86258 0.34663,28.73579 -17.93326,60.63466 -46.05279,80.36321 l -8.10019,5.68306 -1.41281,9.08875 c -1.70968,10.9983 -7.60362,31.24509 -12.36201,42.46566 -33.20299,78.29492 -108.28929,126.41244 -195.4961,125.27972 -39.47145,-0.51271 -82.01169,-13.25108 -116.44978,-34.87007 l -6.31225,-3.96261 -4.99056,3.39268 c -22.49294,15.29107 -50.02538,11.48319 -78.6958,-10.88403 -36.13642,-28.19181 -67.84441,-85.09557 -71.1115,-127.61801 -1.63534,-21.28474 2.69451,-36.93825 17.98783,-65.03058 19.0551,-35.00235 19.59966,-38.43406 13.15184,-82.88047 -6.34972,-43.77031 -6.505,-45.8313 -4.08111,-54.16281 5.24705,-18.03541 20.28956,-48.26826 28.71618,-57.71466 6.32686,-7.092525 27.52151,-12.982753 35.60207,-9.894229 4.51369,1.725201 9.73772,7.224582 11.90721,12.534832 4.38753,10.739242 3.40651,32.887434 -2.73364,61.716167 l -2.79028,13.1007 13.084,-13.72811 c 14.82399,-15.55381 27.28837,-25.409272 45.05316,-35.623104 11.00779,-6.328899 33.51192,-15.690822 45.94171,-19.11215 l 7.36963,-2.028509 3.68556,-7.197588 c 4.83927,-9.450678 17.90826,-25.536955 26.88187,-33.088205 8.62767,-7.260115 22.17485,-15.1240454 31.78293,-18.4494736 4.0201,-1.391391 11.88268,-2.9247091 17.47237,-3.4073933 34.16261,-2.9499781 55.341,23.4283599 48.20962,60.0465969 l -1.66561,8.552663 10.55438,4.492993 c 20.05237,8.536263 33.89317,16.408807 50.69782,28.836533 25.27233,18.689887 50.12496,47.477497 64.81794,75.080687 2.39669,4.50258 4.64414,8.44211 4.99437,8.75453 0.35021,0.31241 4.01305,-0.52544 8.1396,-1.8619 15.46758,-5.00947 30.07452,-4.79216 41.99011,0.62463 7.97552,3.62566 13.40912,8.67505 17.90394,16.63791 z"
     id="path3187"
     inkscape:connector-curvature="0" />
</svg>
